function Y=convrgb2y(RGB)
    Y=[16;128;128]+((1/256)*([65.738,129.057,25.064;-37.945,-74.494,112.439;112.439,-94.154,-18.285]*RGB'));
end
